Date,Time,Power (FFT),Power (dBFS),Power (dBm),Tsys (K),Tsys0 (K),Tsource (K),Tb (K),Tsky (K),Sν (Jy),σTsys (K),σSsys (Jy),ΩA (sr),ΩS (sr),RA,Dec,l,b,Az,El,Vbcrs,Vlsr,Solar Flux (Jy),Air Temp (C),Sensor 1,Sensor 2,UTC,Az (Rot),El (Rot),Az Off (Rot),El Off (Rot),
2025-06-18,20:29:44.899,5.9544650866882876e-05,-42.25157165527344,,,,,,24.911376953125,,,,,,5.855304718017578,23.420984268188477,185.45298767089844,-1.7496813535690308,299.35302734375,0.5979704856872559,-0.656939685344696,-12.550537109375,0,10,0,0,2025-06-19T00:29:44.899Z,304,6,5,5,
2025-06-18,20:29:49.931,5.581801451626234e-05,-42.532257080078125,,,,,,24.911376953125,,,,,,5.855309009552002,23.42098617553711,185.4530029296875,-1.7496334314346313,299.365234375,0.585713267326355,-0.6568999290466309,-12.550497055053711,0,10,0,0,2025-06-19T00:29:49.931Z,297,0,-2,-2,
2025-06-18,20:29:54.970,6.464264151873067e-05,-41.89480972290039,,,,,,24.911376953125,,,,,,5.855312824249268,23.42098617553711,185.45303344726562,-1.749585509300232,299.37744140625,0.5734729766845703,-0.6568599939346313,-12.550458908081055,0,10,0,0,2025-06-19T00:29:54.970Z,297,0,-2,-1,
2025-06-18,20:30:00.004,5.812647214042954e-05,-42.35626220703125,,,,,,24.911376953125,,,,,,5.855316638946533,23.420988082885742,185.45306396484375,-1.7495375871658325,299.3896789550781,0.5612499117851257,-0.6568201780319214,-12.550419807434082,0,10,0,0,2025-06-19T00:30:00.004Z,297,1,-2,0,
2025-06-18,20:30:05.042,6.07462898187805e-05,-42.16480255126953,,,,,,24.911376953125,,,,,,5.855320930480957,23.420988082885742,185.45309448242188,-1.749489665031433,299.4018859863281,0.5490443110466003,-0.6567802429199219,-12.550379753112793,0,10,0,0,2025-06-19T00:30:05.042Z,297,2,-2,1,
2025-06-18,20:30:10.081,0.00013435377331916243,-38.71750259399414,,,,,,24.911376953125,,,,,,5.855325698852539,23.420989990234375,185.453125,-1.74943208694458,299.41656494140625,0.5344204902648926,-0.6567322611808777,-12.550333023071289,0,10,0,0,2025-06-19T00:30:10.081Z,297,3,-2,2,
2025-06-18,20:30:15.114,0.0001534874754725024,-38.1392707824707,,,,,,24.911376953125,,,,,,5.855329513549805,23.420989990234375,185.45315551757812,-1.7493841648101807,299.42877197265625,0.5222532153129578,-0.6566922664642334,-12.550293922424316,0,10,0,0,2025-06-19T00:30:15.114Z,298,0,-1,-2,
2025-06-18,20:30:20.153,9.752080222824588e-05,-40.10902786254883,,,,,,24.911376953125,,,,,,5.8553338050842285,23.420991897583008,185.45318603515625,-1.7493362426757812,299.4410095214844,0.5101038217544556,-0.6566521525382996,-12.550254821777344,0,10,0,0,2025-06-19T00:30:20.153Z,298,0,-1,-1,
2025-06-18,20:30:25.187,6.903839675942436e-05,-41.609092712402344,,,,,,24.911376953125,,,,,,5.855337619781494,23.420991897583008,185.4532012939453,-1.7492883205413818,299.4532470703125,0.49797213077545166,-0.6566120386123657,-12.550214767456055,0,10,0,0,2025-06-19T00:30:25.187Z,298,1,-1,0,
2025-06-18,20:30:30.225,5.688666715286672e-05,-42.449893951416016,,,,,,24.911376953125,,,,,,5.855341911315918,23.420991897583008,185.45323181152344,-1.7492403984069824,299.4654541015625,0.48585835099220276,-0.6565718650817871,-12.550174713134766,0,10,0,0,2025-06-19T00:30:30.225Z,298,1,-1,1,
2025-06-18,20:30:35.260,5.604277248494327e-05,-42.51480484008789,,,,,,24.911376953125,,,,,,5.855345726013184,23.42099380493164,185.45326232910156,-1.749192476272583,299.4776916503906,0.47376275062561035,-0.6565316915512085,-12.550135612487793,0,10,0,0,2025-06-19T00:30:35.260Z,298,2,-1,2,
2025-06-18,20:30:40.297,5.937564856139943e-05,-42.263916015625,,,,,,24.911376953125,,,,,,5.855349540710449,23.42099380493164,185.4532928466797,-1.7491445541381836,299.48992919921875,0.4616852402687073,-0.6564914584159851,-12.550095558166504,0,10,0,0,2025-06-19T00:30:40.297Z,299,0,0,-2,
2025-06-18,20:30:45.330,6.072421820135787e-05,-42.1663818359375,,,,,,24.911376953125,,,,,,5.855353832244873,23.420995712280273,185.4533233642578,-1.7490966320037842,299.5021667480469,0.44962602853775024,-0.6564511656761169,-12.550056457519531,0,10,0,0,2025-06-19T00:30:45.330Z,299,0,0,-1,
2025-06-18,20:30:50.370,6.165579543448985e-05,-42.10026168823242,,,,,,24.911376953125,,,,,,5.855357646942139,23.420995712280273,185.45333862304688,-1.7490487098693848,299.514404296875,0.43758535385131836,-0.656410813331604,-12.550017356872559,0,10,0,0,2025-06-19T00:30:50.370Z,300,0,0,0,
2025-06-18,20:30:55.403,8.652936958242208e-05,-40.62836456298828,,,,,,24.911376953125,,,,,,5.8553619384765625,23.420997619628906,185.453369140625,-1.7490007877349854,299.52667236328125,0.42556312680244446,-0.6563705205917358,-12.54997730255127,0,10,0,0,2025-06-19T00:30:55.403Z,300,1,0,1,
2025-06-18,20:31:00.442,4.6960049076005816e-05,-43.28271484375,,,,,,24.911376953125,,,,,,5.855365753173828,23.420997619628906,185.45339965820312,-1.748952865600586,299.5389099121094,0.41355961561203003,-0.6563300490379333,-12.54993724822998,0,10,0,0,2025-06-19T00:31:00.442Z,300,2,0,2,
2025-06-18,20:31:05.475,7.113656465662643e-05,-41.47907257080078,,,,,,24.911376953125,,,,,,5.855370044708252,23.420997619628906,185.45343017578125,-1.7489049434661865,299.5511474609375,0.4015749990940094,-0.6562895774841309,-12.549898147583008,0,10,0,0,2025-06-19T00:31:05.475Z,301,0,1,-2,
2025-06-18,20:31:10.514,8.932712080422789e-05,-40.49016571044922,,,,,,24.911376953125,,,,,,5.855373859405518,23.42099952697754,185.45346069335938,-1.748857021331787,299.56341552734375,0.3896092176437378,-0.6562490463256836,-12.549858093261719,0,10,0,0,2025-06-19T00:31:10.514Z,301,0,1,-1,
2025-06-18,20:31:15.547,8.027598960325122e-05,-40.95414352416992,,,,,,24.911376953125,,,,,,5.855377674102783,23.42099952697754,185.45347595214844,-1.7488090991973877,299.5756530761719,0.3776625394821167,-0.6562085151672363,-12.54981803894043,0,10,0,0,2025-06-19T00:31:15.547Z,301,0,1,0,
2025-06-18,20:31:20.586,7.253079093061388e-05,-41.394775390625,,,,,,24.911376953125,,,,,,5.855381965637207,23.421001434326172,185.45350646972656,-1.7487611770629883,299.587890625,0.36573514342308044,-0.6561679840087891,-12.54977798461914,0,10,0,0,2025-06-19T00:31:20.586Z,301,1,1,1,
2025-06-18,20:31:25.619,6.361363921314478e-05,-41.96449661254883,,,,,,24.911376953125,,,,,,5.855385780334473,23.421001434326172,185.4535369873047,-1.7487132549285889,299.60015869140625,0.35382699966430664,-0.6561273336410522,-12.549737930297852,0,10,0,0,2025-06-19T00:31:25.619Z,301,2,1,2,
2025-06-18,20:31:30.658,6.30731155979447e-05,-42.001556396484375,,,,,,24.911376953125,,,,,,5.8553900718688965,23.421003341674805,185.4535675048828,-1.7486653327941895,299.6124267578125,0.341938316822052,-0.6560866832733154,-12.549698829650879,0,10,0,0,2025-06-19T00:31:30.658Z,302,0,2,-2,
2025-06-18,20:31:35.691,6.163382204249501e-05,-42.101810455322266,,,,,,24.911376953125,,,,,,5.855393886566162,23.421003341674805,185.45359802246094,-1.74861741065979,299.6246643066406,0.330069363117218,-0.6560459733009338,-12.549657821655273,0,10,0,0,2025-06-19T00:31:35.691Z,302,0,2,-1,
2025-06-18,20:31:40.730,6.476381531683728e-05,-41.88667678833008,,,,,,24.911376953125,,,,,,5.855397701263428,23.421005249023438,185.45361328125,-1.7485694885253906,299.6369323730469,0.31822001934051514,-0.6560051441192627,-12.549617767333984,0,10,0,0,2025-06-19T00:31:40.730Z,302,0,2,0,
2025-06-18,20:31:45.763,6.65700135868974e-05,-41.7672119140625,,,,,,24.911376953125,,,,,,5.855401992797852,23.421005249023438,185.45364379882812,-1.7485215663909912,299.6492004394531,0.30639058351516724,-0.6559643745422363,-12.549577713012695,0,10,0,0,2025-06-19T00:31:45.763Z,302,1,2,1,
2025-06-18,20:31:50.802,6.385748565662652e-05,-41.94788360595703,,,,,,24.911376953125,,,,,,5.855405807495117,23.421005249023438,185.45367431640625,-1.7484736442565918,299.6614685058594,0.29458126425743103,-0.6559234857559204,-12.549537658691406,0,10,0,0,2025-06-19T00:31:50.802Z,302,2,2,2,
2025-06-18,20:31:55.835,6.0687099903589115e-05,-42.169036865234375,,,,,,24.911376953125,,,,,,5.855410099029541,23.42100715637207,185.45370483398438,-1.7484257221221924,299.6737365722656,0.28279200196266174,-0.6558826565742493,-12.549497604370117,0,10,0,0,2025-06-19T00:31:55.835Z,302,2,2,2,
2025-06-18,20:32:00.874,5.540608617593534e-05,-42.56442642211914,,,,,,24.911376953125,,,,,,5.855413913726807,23.42100715637207,185.4537353515625,-1.748377799987793,299.6860046386719,0.2710230350494385,-0.6558417081832886,-12.549457550048828,0,10,0,0,2025-06-19T00:32:00.874Z,302,2,2,2,
2025-06-18,20:32:05.907,5.26166295458097e-05,-42.78876876831055,,,,,,24.911376953125,,,,,,5.8554182052612305,23.421009063720703,185.45375061035156,-1.7483298778533936,299.6982727050781,0.25927451252937317,-0.6558007001876831,-12.549417495727539,0,10,0,0,2025-06-19T00:32:05.907Z,302,2,2,2,
2025-06-18,20:32:10.946,5.4946904128883034e-05,-42.60056686401367,,,,,,24.911376953125,,,,,,5.855422019958496,23.421009063720703,185.4537811279297,-1.7482819557189941,299.7105712890625,0.24754665791988373,-0.6557596921920776,-12.549376487731934,0,10,0,0,2025-06-19T00:32:10.946Z,302,2,2,2,
2025-06-18,20:32:15.979,6.731428584316745e-05,-41.718929290771484,,,,,,24.911376953125,,,,,,5.855425834655762,23.421010971069336,185.4538116455078,-1.7482340335845947,299.72283935546875,0.23583944141864777,-0.6557186841964722,-12.549336433410645,0,10,0,0,2025-06-19T00:32:15.979Z,302,2,2,2,
2025-06-18,20:32:21.018,5.58804786123801e-05,-42.52739715576172,,,,,,24.911376953125,,,,,,5.8554301261901855,23.421010971069336,185.45384216308594,-1.7481861114501953,299.735107421875,0.2241530865430832,-0.6556775569915771,-12.549296379089355,0,10,0,0,2025-06-19T00:32:21.018Z,302,2,2,2,
2025-06-18,20:32:26.051,5.319140836945735e-05,-42.74158477783203,,,,,,24.911376953125,,,,,,5.855433940887451,23.421010971069336,185.45387268066406,-1.748138189315796,299.7474060058594,0.2124878615140915,-0.6556364297866821,-12.54925537109375,0,10,0,0,2025-06-19T00:32:26.051Z,302,2,2,2,
2025-06-18,20:32:31.090,5.2410287025850266e-05,-42.80583572387695,,,,,,24.911376953125,,,,,,5.855438709259033,23.42101287841797,185.4539031982422,-1.7480807304382324,299.76214599609375,0.19851742684841156,-0.6555869579315186,-12.549206733703613,0,10,0,0,2025-06-19T00:32:31.090Z,302,2,2,2,
2025-06-18,20:32:36.123,5.3086514526512474e-05,-42.75015640258789,,,,,,24.911376953125,,,,,,5.855443000793457,23.42101287841797,185.4539337158203,-1.748032808303833,299.7744140625,0.186898872256279,-0.655545711517334,-12.549165725708008,0,10,0,0,2025-06-19T00:32:36.123Z,302,2,2,2,
2025-06-18,20:32:41.162,5.89809387747664e-05,-42.292884826660156,,,,,,24.911376953125,,,,,,5.855446815490723,23.4210147857666,185.45394897460938,-1.7479848861694336,299.7867126464844,0.17530187964439392,-0.6555044651031494,-12.549125671386719,0,10,0,0,2025-06-19T00:32:41.162Z,302,2,2,2,
2025-06-18,20:32:46.195,5.5776788940420374e-05,-42.535465240478516,,,,,,24.911376953125,,,,,,5.8554511070251465,23.4210147857666,185.4539794921875,-1.7479369640350342,299.79901123046875,0.16372644901275635,-0.6554630994796753,-12.549084663391113,0,10,0,0,2025-06-19T00:32:46.195Z,302,2,2,2,
2025-06-18,20:32:51.234,5.3771833336213604e-05,-42.69445037841797,,,,,,24.911376953125,,,,,,5.855454921722412,23.421016693115234,185.45401000976562,-1.7478890419006348,299.811279296875,0.15217281877994537,-0.6554217338562012,-12.549043655395508,0,10,0,0,2025-06-19T00:32:51.234Z,302,2,2,2,
2025-06-18,20:32:56.268,5.55168189748656e-05,-42.555755615234375,,,,,,24.911376953125,,,,,,5.855458736419678,23.421016693115234,185.45404052734375,-1.7478411197662354,299.8235778808594,0.1406412422657013,-0.6553802490234375,-12.549003601074219,0,10,0,0,2025-06-19T00:32:56.268Z,302,2,2,2,
2025-06-18,20:33:01.306,5.997376865707338e-05,-42.22038650512695,,,,,,24.911376953125,,,,,,5.855463027954102,23.421018600463867,185.45407104492188,-1.747793197631836,299.83587646484375,0.12913165986537933,-0.6553388237953186,-12.54896354675293,0,10,0,0,2025-06-19T00:33:01.306Z,302,2,2,2,
2025-06-18,20:33:06.339,5.89510309509933e-05,-42.29508590698242,,,,,,24.911376953125,,,,,,5.855466842651367,23.421018600463867,185.45408630371094,-1.7477452754974365,299.8481750488281,0.11764435470104218,-0.6552973389625549,-12.548921585083008,0,10,0,0,2025-06-19T00:33:06.339Z,302,2,2,2,
