Date,Time,Power (FFT),Power (dBFS),Power (dBm),Tsys (K),Tsys0 (K),Tsource (K),Tb (K),Tsky (K),Sν (Jy),σTsys (K),σSsys (Jy),ΩA (sr),ΩS (sr),RA,Dec,l,b,Az,El,Vbcrs,Vlsr,Solar Flux (Jy),Air Temp (C),Sensor 1,Sensor 2,UTC,Az (Rot),El (Rot),Az Off (Rot),El Off (Rot),
2025-06-18,12:11:54.692,0.0014531360939145088,-28.376937866210938,,,,,,40.74350357055664,,,,,,23.389999389648438,58.814998626708984,111.80281829833984,-2.129568099975586,321.63812255859375,35.08131790161133,14.37159538269043,24.501972198486328,0,10,0,0,2025-06-18T16:11:54.692Z,323,36,1,1,
2025-06-18,12:11:55.715,0.0014831674052402377,-28.288097381591797,,,,,,40.74350357055664,,,,,,23.389999389648438,58.814998626708984,111.80281829833984,-2.129568099975586,321.6387023925781,35.079219818115234,14.371593475341797,24.501970291137695,0,10,0,0,2025-06-18T16:11:55.715Z,323,36,1,1,
2025-06-18,12:11:56.740,0.0014349851990118623,-28.43152618408203,,,,,,40.74350357055664,,,,,,23.389999389648438,58.814998626708984,111.80281829833984,-2.129568099975586,321.6392822265625,35.07712173461914,14.371593475341797,24.501970291137695,0,10,0,0,2025-06-18T16:11:56.740Z,323,36,1,1,
2025-06-18,12:11:57.763,0.0014681052416563034,-28.332427978515625,,,,,,40.74350357055664,,,,,,23.389999389648438,58.814998626708984,111.80281829833984,-2.129568099975586,321.639892578125,35.07502365112305,14.37159252166748,24.501968383789062,0,10,0,0,2025-06-18T16:11:57.763Z,323,36,1,1,
2025-06-18,12:11:58.788,0.0014447364956140518,-28.40211296081543,,,,,,40.74350357055664,,,,,,23.389999389648438,58.814998626708984,111.80281829833984,-2.129568099975586,321.6404724121094,35.07292556762695,14.37159252166748,24.501968383789062,0,10,0,0,2025-06-18T16:11:58.788Z,323,36,1,1,
2025-06-18,12:11:59.812,0.0014087747549638152,-28.511585235595703,,,,,,40.74350357055664,,,,,,23.389999389648438,58.814998626708984,111.80281829833984,-2.129568099975586,321.64105224609375,35.07082748413086,14.371590614318848,24.501968383789062,0,10,0,0,2025-06-18T16:11:59.812Z,323,36,1,1,
2025-06-18,12:12:00.835,0.0015191155252978206,-28.184091567993164,,,,,,40.74350357055664,,,,,,23.389999389648438,58.814998626708984,111.80281829833984,-2.129568099975586,321.64166259765625,35.068729400634766,14.371590614318848,24.501968383789062,0,10,0,0,2025-06-18T16:12:00.835Z,323,36,1,1,
2025-06-18,12:12:01.860,0.0015566054498776793,-28.078214645385742,,,,,,40.74350357055664,,,,,,23.389999389648438,58.814998626708984,111.80281829833984,-2.129568099975586,321.6422424316406,35.06663131713867,14.371589660644531,24.50196647644043,0,10,0,0,2025-06-18T16:12:01.860Z,323,36,1,1,
2025-06-18,12:12:02.884,0.0015175679000094533,-28.188518524169922,,,,,,40.74350357055664,,,,,,23.389999389648438,58.814998626708984,111.80281829833984,-2.129568099975586,321.642822265625,35.06453323364258,14.371589660644531,24.50196647644043,0,10,0,0,2025-06-18T16:12:02.884Z,323,36,0,1,
2025-06-18,12:12:03.909,0.0014697108417749405,-28.327680587768555,,,,,,40.74350357055664,,,,,,23.389999389648438,58.814998626708984,111.80281829833984,-2.129568099975586,321.6434326171875,35.062435150146484,14.371587753295898,24.501964569091797,0,10,0,0,2025-06-18T16:12:03.909Z,323,36,0,1,
2025-06-18,12:12:04.931,0.001493758405558765,-28.2571964263916,,,,,,40.74350357055664,,,,,,23.389999389648438,58.814998626708984,111.80281829833984,-2.129568099975586,321.6440124511719,35.06033706665039,14.371587753295898,24.501964569091797,0,10,0,0,2025-06-18T16:12:04.931Z,323,36,0,1,
2025-06-18,12:12:05.956,0.001450657146051526,-28.38435173034668,,,,,,40.74350357055664,,,,,,23.389999389648438,58.814998626708984,111.80281829833984,-2.129568099975586,321.64459228515625,35.05824279785156,14.371586799621582,24.501964569091797,0,10,0,0,2025-06-18T16:12:05.956Z,323,36,0,1,
2025-06-18,12:12:06.979,0.0015108536463230848,-28.207775115966797,,,,,,40.74350357055664,,,,,,23.389999389648438,58.814998626708984,111.80281829833984,-2.129568099975586,321.64520263671875,35.05614471435547,14.371586799621582,24.501964569091797,0,10,0,0,2025-06-18T16:12:06.979Z,323,36,0,1,
2025-06-18,12:12:08.004,0.0014684449415653944,-28.331422805786133,,,,,,40.74350357055664,,,,,,23.389999389648438,58.814998626708984,111.80281829833984,-2.129568099975586,321.6457824707031,35.054046630859375,14.37158489227295,24.50196075439453,0,10,0,0,2025-06-18T16:12:08.004Z,323,36,0,1,
2025-06-18,12:12:09.029,0.0014897328801453114,-28.2689151763916,,,,,,40.74350357055664,,,,,,23.389999389648438,58.814998626708984,111.80281829833984,-2.129568099975586,321.6463928222656,35.05194854736328,14.37158489227295,24.50196075439453,0,10,0,0,2025-06-18T16:12:09.029Z,323,36,0,1,
2025-06-18,12:12:10.052,0.0016265977174043655,-27.887197494506836,,,,,,40.74350357055664,,,,,,23.389999389648438,58.814998626708984,111.80281829833984,-2.129568099975586,321.64697265625,35.04985046386719,14.371583938598633,24.50196075439453,0,10,0,0,2025-06-18T16:12:10.052Z,323,36,0,1,
2025-06-18,12:12:11.076,0.0016674223588779569,-27.779542922973633,,,,,,40.74350357055664,,,,,,23.389999389648438,58.814998626708984,111.80281829833984,-2.129568099975586,321.6475524902344,35.047752380371094,14.371583938598633,24.50196075439453,0,10,0,0,2025-06-18T16:12:11.076Z,323,36,0,1,
2025-06-18,12:12:12.099,0.0015728040598332882,-28.033252716064453,,,,,,40.74350357055664,,,,,,23.389999389648438,58.814998626708984,111.80281829833984,-2.129568099975586,321.6481628417969,35.045654296875,14.37158203125,24.5019588470459,0,10,0,0,2025-06-18T16:12:12.099Z,323,36,0,1,
2025-06-18,12:12:13.124,0.001572959590703249,-28.03282356262207,,,,,,40.74350357055664,,,,,,23.389999389648438,58.814998626708984,111.80281829833984,-2.129568099975586,321.64874267578125,35.04356002807617,14.37158203125,24.5019588470459,0,10,0,0,2025-06-18T16:12:13.124Z,323,36,0,1,
2025-06-18,12:12:14.148,0.0016965963877737522,-27.704214096069336,,,,,,40.74350357055664,,,,,,23.389999389648438,58.814998626708984,111.80281829833984,-2.129568099975586,321.6493225097656,35.04146194458008,14.371581077575684,24.501956939697266,0,10,0,0,2025-06-18T16:12:14.148Z,323,36,0,1,
2025-06-18,12:12:15.171,0.0018203735817223787,-27.398395538330078,,,,,,40.74350357055664,,,,,,23.389999389648438,58.814998626708984,111.80281829833984,-2.129568099975586,321.6499328613281,35.039363861083984,14.371581077575684,24.501956939697266,0,10,0,0,2025-06-18T16:12:15.171Z,323,36,0,1,
2025-06-18,12:12:16.196,0.0017954118084162474,-27.458358764648438,,,,,,40.74350357055664,,,,,,23.389999389648438,58.814998626708984,111.80281829833984,-2.129568099975586,321.6505126953125,35.03726577758789,14.371580123901367,24.501956939697266,0,10,0,0,2025-06-18T16:12:16.196Z,323,36,0,1,
2025-06-18,12:12:17.220,0.0016835747519508004,-27.7376766204834,,,,,,40.74350357055664,,,,,,23.389999389648438,58.814998626708984,111.80281829833984,-2.129568099975586,321.651123046875,35.0351676940918,14.37157917022705,24.501956939697266,0,10,0,0,2025-06-18T16:12:17.220Z,323,36,0,1,
2025-06-18,12:12:18.244,0.0017152043292298913,-27.656841278076172,,,,,,40.74350357055664,,,,,,23.389999389648438,58.814998626708984,111.80281829833984,-2.129568099975586,321.6517028808594,35.03307342529297,14.37157917022705,24.501956939697266,0,10,0,0,2025-06-18T16:12:18.244Z,323,36,0,1,
2025-06-18,12:12:19.268,0.0016913582803681493,-27.71764373779297,,,,,,40.74350357055664,,,,,,23.389999389648438,58.814998626708984,111.80281829833984,-2.129568099975586,321.6523132324219,35.030975341796875,14.371578216552734,24.501955032348633,0,10,0,0,2025-06-18T16:12:19.268Z,323,36,0,1,
2025-06-18,12:12:20.291,0.0017327150562778115,-27.612728118896484,,,,,,40.74350357055664,,,,,,23.389999389648438,58.814998626708984,111.80281829833984,-2.129568099975586,321.65289306640625,35.02887725830078,14.371577262878418,24.501953125,0,10,0,0,2025-06-18T16:12:20.291Z,323,36,0,1,
2025-06-18,12:12:21.315,0.0017477375222370028,-27.575237274169922,,,,,,40.74350357055664,,,,,,23.389999389648438,58.814998626708984,111.80281829833984,-2.129568099975586,321.6534729003906,35.02677917480469,14.371576309204102,24.501953125,0,10,0,0,2025-06-18T16:12:21.315Z,323,36,0,1,
2025-06-18,12:12:22.339,0.0018146339571103454,-27.412109375,,,,,,40.74350357055664,,,,,,23.389999389648438,58.814998626708984,111.80281829833984,-2.129568099975586,321.6540832519531,35.02468490600586,14.371576309204102,24.501953125,0,10,0,0,2025-06-18T16:12:22.339Z,323,36,0,1,
2025-06-18,12:12:23.363,0.001854161499068141,-27.318525314331055,,,,,,40.74350357055664,,,,,,23.389999389648438,58.814998626708984,111.80281829833984,-2.129568099975586,321.6546630859375,35.022586822509766,14.371575355529785,24.501953125,0,10,0,0,2025-06-18T16:12:23.363Z,323,36,0,1,
2025-06-18,12:12:24.388,0.0016999461222440004,-27.695648193359375,,,,,,40.74350357055664,,,,,,23.389999389648438,58.814998626708984,111.80281829833984,-2.129568099975586,321.6552734375,35.02048873901367,14.371574401855469,24.501951217651367,0,10,0,0,2025-06-18T16:12:24.388Z,323,36,0,1,
2025-06-18,12:12:25.411,0.001721900305710733,-27.63991928100586,,,,,,40.74350357055664,,,,,,23.389999389648438,58.814998626708984,111.80281829833984,-2.129568099975586,321.6558532714844,35.01839065551758,14.371573448181152,24.501949310302734,0,10,0,0,2025-06-18T16:12:25.411Z,323,36,0,1,
2025-06-18,12:12:26.435,0.001833794405683875,-27.366493225097656,,,,,,40.74350357055664,,,,,,23.389999389648438,58.814998626708984,111.80281829833984,-2.129568099975586,321.6564636230469,35.01629638671875,14.371573448181152,24.501949310302734,0,10,0,0,2025-06-18T16:12:26.435Z,323,36,0,1,
2025-06-18,12:12:27.459,0.001812426489777863,-27.417396545410156,,,,,,40.74350357055664,,,,,,23.389999389648438,58.814998626708984,111.80281829833984,-2.129568099975586,321.65704345703125,35.014198303222656,14.371572494506836,24.501949310302734,0,10,0,0,2025-06-18T16:12:27.459Z,323,36,0,1,
2025-06-18,12:12:28.484,0.0017993515357375145,-27.44883918762207,,,,,,40.74350357055664,,,,,,23.389999389648438,58.814998626708984,111.80281829833984,-2.129568099975586,321.6576232910156,35.01210021972656,14.37157154083252,24.501949310302734,0,10,0,0,2025-06-18T16:12:28.484Z,323,36,0,1,
2025-06-18,12:12:29.509,0.0016947606345638633,-27.70891571044922,,,,,,40.74350357055664,,,,,,23.389999389648438,58.814998626708984,111.80281829833984,-2.129568099975586,321.6582336425781,35.01000213623047,14.37157154083252,24.501949310302734,0,10,0,0,2025-06-18T16:12:29.509Z,323,36,0,1,
2025-06-18,12:12:30.531,0.0017238317523151636,-27.635051727294922,,,,,,40.74350357055664,,,,,,23.389999389648438,58.814998626708984,111.80281829833984,-2.129568099975586,321.6588134765625,35.00790786743164,14.371570587158203,24.5019474029541,0,10,0,0,2025-06-18T16:12:30.531Z,323,36,0,1,
2025-06-18,12:12:31.555,0.001854528789408505,-27.317665100097656,,,,,,40.74350357055664,,,,,,23.389999389648438,58.814998626708984,111.80281829833984,-2.129568099975586,321.659423828125,35.00580978393555,14.371570587158203,24.5019474029541,0,10,0,0,2025-06-18T16:12:31.555Z,322,36,0,1,
2025-06-18,12:12:32.580,0.0018233542796224356,-27.39128875732422,,,,,,40.74350357055664,,,,,,23.389999389648438,58.814998626708984,111.80281829833984,-2.129568099975586,321.6606140136719,35.001617431640625,14.37156867980957,24.50194549560547,0,10,0,0,2025-06-18T16:12:32.580Z,322,36,0,1,
2025-06-18,12:12:33.603,0.0017354399897158146,-27.60590362548828,,,,,,40.74350357055664,,,,,,23.389999389648438,58.814998626708984,111.80281829833984,-2.129568099975586,321.66119384765625,34.99951934814453,14.371567726135254,24.50194549560547,0,10,0,0,2025-06-18T16:12:33.603Z,322,36,0,1,
2025-06-18,12:12:34.628,0.0016546702245250344,-27.812885284423828,,,,,,40.74350357055664,,,,,,23.389999389648438,58.814998626708984,111.80281829833984,-2.129568099975586,321.66180419921875,34.99742126464844,14.371567726135254,24.50194549560547,0,10,0,0,2025-06-18T16:12:34.628Z,322,36,0,1,
2025-06-18,12:12:35.652,0.001600503223016858,-27.957433700561523,,,,,,40.74350357055664,,,,,,23.389999389648438,58.814998626708984,111.80281829833984,-2.129568099975586,321.6623840332031,34.99532699584961,14.371565818786621,24.501941680908203,0,10,0,0,2025-06-18T16:12:35.652Z,322,36,0,1,
2025-06-18,12:12:36.676,0.0016307870391756296,-27.876028060913086,,,,,,40.74350357055664,,,,,,23.389999389648438,58.814998626708984,111.80281829833984,-2.129568099975586,321.6629943847656,34.993228912353516,14.371565818786621,24.501941680908203,0,10,0,0,2025-06-18T16:12:36.676Z,322,36,-1,1,
2025-06-18,12:12:37.699,0.0016422837506979704,-27.845518112182617,,,,,,40.74350357055664,,,,,,23.389999389648438,58.814998626708984,111.80281829833984,-2.129568099975586,321.66357421875,34.99113082885742,14.371565818786621,24.501941680908203,0,10,0,0,2025-06-18T16:12:37.699Z,322,36,-1,1,
2025-06-18,12:12:38.724,0.0016630595782771707,-27.790922164916992,,,,,,40.74350357055664,,,,,,23.389999389648438,58.814998626708984,111.80281829833984,-2.129568099975586,321.6641845703125,34.989036560058594,14.371564865112305,24.501941680908203,0,10,0,0,2025-06-18T16:12:38.724Z,322,36,-1,1,
2025-06-18,12:12:39.748,0.0016348467906937003,-27.8652286529541,,,,,,40.74350357055664,,,,,,23.389999389648438,58.814998626708984,111.80281829833984,-2.129568099975586,321.6647644042969,34.9869384765625,14.371563911437988,24.501941680908203,0,10,0,0,2025-06-18T16:12:39.748Z,322,36,-1,1,
2025-06-18,12:12:40.771,0.0017230381490662694,-27.63705062866211,,,,,,40.74350357055664,,,,,,23.389999389648438,58.814998626708984,111.80281829833984,-2.129568099975586,321.6653747558594,34.984840393066406,14.371562957763672,24.50193977355957,0,10,0,0,2025-06-18T16:12:40.771Z,321,36,-1,1,
2025-06-18,12:12:41.795,0.0017454143380746245,-27.58101463317871,,,,,,40.74350357055664,,,,,,23.389999389648438,58.814998626708984,111.80281829833984,-2.129568099975586,321.66595458984375,34.98274612426758,14.371562957763672,24.50193977355957,0,10,0,0,2025-06-18T16:12:41.795Z,321,36,-1,1,
2025-06-18,12:12:42.819,0.0016921489732339978,-27.715614318847656,,,,,,40.74350357055664,,,,,,23.389999389648438,58.814998626708984,111.80281829833984,-2.129568099975586,321.66656494140625,34.980648040771484,14.371562004089355,24.501937866210938,0,10,0,0,2025-06-18T16:12:42.819Z,321,36,-1,1,
2025-06-18,12:12:43.843,0.001537494594231248,-28.131864547729492,,,,,,40.74350357055664,,,,,,23.389999389648438,58.814998626708984,111.80281829833984,-2.129568099975586,321.6671447753906,34.978553771972656,14.371561050415039,24.501937866210938,0,10,0,0,2025-06-18T16:12:43.843Z,321,36,-1,1,
2025-06-18,12:12:44.867,0.0016195413190871477,-27.90608024597168,,,,,,40.74350357055664,,,,,,23.389999389648438,58.814998626708984,111.80281829833984,-2.129568099975586,321.6677551269531,34.97645568847656,14.371560096740723,24.501937866210938,0,10,0,0,2025-06-18T16:12:44.867Z,321,36,-1,1,
2025-06-18,12:12:45.892,0.001670596655458212,-27.771284103393555,,,,,,40.74350357055664,,,,,,23.389999389648438,58.814998626708984,111.80281829833984,-2.129568099975586,321.6683349609375,34.97435760498047,14.371560096740723,24.501937866210938,0,10,0,0,2025-06-18T16:12:45.892Z,321,36,-1,1,
2025-06-18,12:12:46.915,0.0016992747550830245,-27.697362899780273,,,,,,40.74350357055664,,,,,,23.389999389648438,58.814998626708984,111.80281829833984,-2.129568099975586,321.6689453125,34.97226333618164,14.371560096740723,24.501937866210938,0,10,0,0,2025-06-18T16:12:46.915Z,321,36,-1,1,
2025-06-18,12:12:47.940,0.0015123089542612433,-28.203594207763672,,,,,,40.74350357055664,,,,,,23.389999389648438,58.814998626708984,111.80281829833984,-2.129568099975586,321.6695556640625,34.97016525268555,14.371559143066406,24.501935958862305,0,10,0,0,2025-06-18T16:12:47.940Z,321,36,-1,1,
2025-06-18,12:12:48.964,0.001778014237061143,-27.500648498535156,,,,,,40.74350357055664,,,,,,23.389999389648438,58.814998626708984,111.80281829833984,-2.129568099975586,321.6701354980469,34.96807098388672,14.37155818939209,24.501934051513672,0,10,0,0,2025-06-18T16:12:48.964Z,321,36,-1,1,
2025-06-18,12:12:49.989,0.001674804836511612,-27.760358810424805,,,,,,40.74350357055664,,,,,,23.389999389648438,58.814998626708984,111.80281829833984,-2.129568099975586,321.6707458496094,34.965972900390625,14.371557235717773,24.501934051513672,0,10,0,0,2025-06-18T16:12:49.989Z,321,36,-1,1,
2025-06-18,12:12:51.011,0.0017216550186276436,-27.640539169311523,,,,,,40.74350357055664,,,,,,23.389999389648438,58.814998626708984,111.80281829833984,-2.129568099975586,321.67132568359375,34.9638786315918,14.371557235717773,24.501934051513672,0,10,0,0,2025-06-18T16:12:51.011Z,321,36,-1,1,
2025-06-18,12:12:52.035,0.0017159534618258476,-27.654945373535156,,,,,,40.74350357055664,,,,,,23.389999389648438,58.814998626708984,111.80281829833984,-2.129568099975586,321.67193603515625,34.9617805480957,14.371556282043457,24.501934051513672,0,10,0,0,2025-06-18T16:12:52.035Z,321,36,-1,1,
2025-06-18,12:12:53.059,0.0016803693724796176,-27.745952606201172,,,,,,40.74350357055664,,,,,,23.389999389648438,58.814998626708984,111.80281829833984,-2.129568099975586,321.6725158691406,34.959686279296875,14.37155532836914,24.50193214416504,0,10,0,0,2025-06-18T16:12:53.059Z,321,36,-1,1,
2025-06-18,12:12:54.083,0.0017194629181176424,-27.646072387695312,,,,,,40.74350357055664,,,,,,23.389999389648438,58.814998626708984,111.80281829833984,-2.129568099975586,321.6731262207031,34.95758819580078,14.37155532836914,24.50193214416504,0,10,0,0,2025-06-18T16:12:54.083Z,321,36,-1,1,
2025-06-18,12:12:55.109,0.001573676010593772,-28.030847549438477,,,,,,40.74350357055664,,,,,,23.389999389648438,58.814998626708984,111.80281829833984,-2.129568099975586,321.6737060546875,34.95549392700195,14.371554374694824,24.501930236816406,0,10,0,0,2025-06-18T16:12:55.109Z,321,36,-1,1,
2025-06-18,12:12:56.131,0.0017405916005373001,-27.59303092956543,,,,,,40.74350357055664,,,,,,23.389999389648438,58.814998626708984,111.80281829833984,-2.129568099975586,321.67431640625,34.95339584350586,14.371554374694824,24.501930236816406,0,10,0,0,2025-06-18T16:12:56.131Z,321,36,-1,1,
2025-06-18,12:12:57.156,0.001740957610309124,-27.592117309570312,,,,,,40.74350357055664,,,,,,23.389999389648438,58.814998626708984,111.80281829833984,-2.129568099975586,321.6749267578125,34.95130157470703,14.371552467346191,24.501930236816406,0,10,0,0,2025-06-18T16:12:57.156Z,321,36,-1,1,
2025-06-18,12:12:58.179,0.0017601881409063935,-27.544408798217773,,,,,,40.74350357055664,,,,,,23.389999389648438,58.814998626708984,111.80281829833984,-2.129568099975586,321.6755065917969,34.94920349121094,14.371552467346191,24.501930236816406,0,10,0,0,2025-06-18T16:12:58.179Z,321,36,-1,1,
2025-06-18,12:12:59.203,0.0017277997685596347,-27.62506675720215,,,,,,40.74350357055664,,,,,,23.389999389648438,58.814998626708984,111.80281829833984,-2.129568099975586,321.6761169433594,34.94710922241211,14.371551513671875,24.501928329467773,0,10,0,0,2025-06-18T16:12:59.203Z,321,36,-1,1,
2025-06-18,12:13:00.228,0.0017690310487523675,-27.522645950317383,,,,,,40.74350357055664,,,,,,23.389999389648438,58.814998626708984,111.80281829833984,-2.129568099975586,321.67669677734375,34.945011138916016,14.371551513671875,24.501928329467773,0,10,0,0,2025-06-18T16:13:00.228Z,321,36,-1,1,
2025-06-18,12:13:01.251,0.0017286804504692554,-27.622852325439453,,,,,,40.74350357055664,,,,,,23.389999389648438,58.814998626708984,111.80281829833984,-2.129568099975586,321.67730712890625,34.94291687011719,14.371550559997559,24.50192642211914,0,10,0,0,2025-06-18T16:13:01.251Z,321,36,-1,1,
2025-06-18,12:13:02.275,0.0017441336531192064,-27.58420181274414,,,,,,40.74350357055664,,,,,,23.389999389648438,58.814998626708984,111.80281829833984,-2.129568099975586,321.67791748046875,34.940818786621094,14.371549606323242,24.50192642211914,0,10,0,0,2025-06-18T16:13:02.275Z,321,36,-1,1,
2025-06-18,12:13:03.299,0.0018361686961725354,-27.36087417602539,,,,,,40.74350357055664,,,,,,23.389999389648438,58.814998626708984,111.80281829833984,-2.129568099975586,321.6784973144531,34.938724517822266,14.371549606323242,24.50192642211914,0,10,0,0,2025-06-18T16:13:03.299Z,321,36,-1,1,
2025-06-18,12:13:04.324,0.0017720522591844201,-27.515233993530273,,,,,,40.74350357055664,,,,,,23.389999389648438,58.814998626708984,111.80281829833984,-2.129568099975586,321.6791076660156,34.93662643432617,14.371548652648926,24.50192642211914,0,10,0,0,2025-06-18T16:13:04.324Z,321,36,-1,1,
2025-06-18,12:13:05.348,0.0018255148315802217,-27.386146545410156,,,,,,40.74350357055664,,,,,,23.389999389648438,58.814998626708984,111.80281829833984,-2.129568099975586,321.6796875,34.934532165527344,14.37154769897461,24.501924514770508,0,10,0,0,2025-06-18T16:13:05.348Z,321,36,-1,0,
2025-06-18,12:13:06.371,0.001809033565223217,-27.425533294677734,,,,,,40.74350357055664,,,,,,23.389999389648438,58.814998626708984,111.80281829833984,-2.129568099975586,321.6802978515625,34.93243408203125,14.37154769897461,24.501924514770508,0,10,0,0,2025-06-18T16:13:06.371Z,321,36,-1,0,
2025-06-18,12:13:07.395,0.0016839859308674932,-27.736616134643555,,,,,,40.74350357055664,,,,,,23.389999389648438,58.814998626708984,111.80281829833984,-2.129568099975586,321.680908203125,34.93033981323242,14.371546745300293,24.501922607421875,0,10,0,0,2025-06-18T16:13:07.395Z,321,36,-1,0,
2025-06-18,12:13:08.419,0.0015630266861990094,-28.060335159301758,,,,,,40.74350357055664,,,,,,23.389999389648438,58.814998626708984,111.80281829833984,-2.129568099975586,321.6814880371094,34.92824172973633,14.371546745300293,24.501922607421875,0,10,0,0,2025-06-18T16:13:08.419Z,321,36,-1,0,
2025-06-18,12:13:09.443,0.0017032130854204297,-27.68730926513672,,,,,,40.74350357055664,,,,,,23.389999389648438,58.814998626708984,111.80281829833984,-2.129568099975586,321.6820983886719,34.9261474609375,14.37154483795166,24.501922607421875,0,10,0,0,2025-06-18T16:13:09.443Z,321,36,-1,0,
2025-06-18,12:13:10.468,0.0016067776596173644,-27.94044303894043,,,,,,40.74350357055664,,,,,,23.389999389648438,58.814998626708984,111.80281829833984,-2.129568099975586,321.6827087402344,34.92405319213867,14.37154483795166,24.501922607421875,0,10,0,0,2025-06-18T16:13:10.468Z,321,35,-1,0,
2025-06-18,12:13:11.492,0.0016889612888917327,-27.72380256652832,,,,,,40.74350357055664,,,,,,23.389999389648438,58.814998626708984,111.80281829833984,-2.129568099975586,321.68328857421875,34.92195510864258,14.371543884277344,24.501920700073242,0,10,0,0,2025-06-18T16:13:11.492Z,321,35,-1,0,
2025-06-18,12:13:12.515,0.0017794136656448245,-27.497230529785156,,,,,,40.74350357055664,,,,,,23.389999389648438,58.814998626708984,111.80281829833984,-2.129568099975586,321.68389892578125,34.91986083984375,14.371543884277344,24.501920700073242,0,10,0,0,2025-06-18T16:13:12.515Z,321,35,-1,0,
2025-06-18,12:13:13.539,0.001724226400256157,-27.634056091308594,,,,,,40.74350357055664,,,,,,23.389999389648438,58.814998626708984,111.80281829833984,-2.129568099975586,321.6844787597656,34.917762756347656,14.371542930603027,24.50191879272461,0,10,0,0,2025-06-18T16:13:13.539Z,321,35,-1,0,
2025-06-18,12:13:14.563,0.0017482058610767126,-27.574073791503906,,,,,,40.74350357055664,,,,,,23.389999389648438,58.814998626708984,111.80281829833984,-2.129568099975586,321.6850891113281,34.91566848754883,14.371541976928711,24.50191879272461,0,10,0,0,2025-06-18T16:13:14.563Z,321,35,-1,0,
2025-06-18,12:13:15.588,0.0019006738439202309,-27.21092414855957,,,,,,40.74350357055664,,,,,,23.389999389648438,58.814998626708984,111.80281829833984,-2.129568099975586,321.686279296875,34.911476135253906,14.371541023254395,24.50191879272461,0,10,0,0,2025-06-18T16:13:15.588Z,321,35,-1,0,
2025-06-18,12:13:16.611,0.0018131955293938518,-27.41555404663086,,,,,,40.74350357055664,,,,,,23.389999389648438,58.814998626708984,111.80281829833984,-2.129568099975586,321.6868896484375,34.90938186645508,14.371540069580078,24.501916885375977,0,10,0,0,2025-06-18T16:13:16.611Z,321,35,0,0,
2025-06-18,12:13:17.636,0.0018322293180972338,-27.370201110839844,,,,,,40.74350357055664,,,,,,23.389999389648438,58.814998626708984,111.80281829833984,-2.129568099975586,321.6875,34.90728759765625,14.371540069580078,24.501916885375977,0,10,0,0,2025-06-18T16:13:17.636Z,321,35,0,0,
2025-06-18,12:13:18.659,0.0017845926340669394,-27.484609603881836,,,,,,40.74350357055664,,,,,,23.389999389648438,58.814998626708984,111.80281829833984,-2.129568099975586,321.6880798339844,34.905189514160156,14.371539115905762,24.501914978027344,0,10,0,0,2025-06-18T16:13:18.659Z,321,35,0,0,
2025-06-18,12:13:19.683,0.0015613676514476538,-28.06494903564453,,,,,,40.74350357055664,,,,,,23.389999389648438,58.814998626708984,111.80281829833984,-2.129568099975586,321.6886901855469,34.90309524536133,14.371539115905762,24.501914978027344,0,10,0,0,2025-06-18T16:13:19.683Z,322,35,0,0,
2025-06-18,12:13:20.709,0.001607206417247653,-27.93928337097168,,,,,,40.74350357055664,,,,,,23.389999389648438,58.814998626708984,111.80281829833984,-2.129568099975586,321.6893005371094,34.9010009765625,14.371537208557129,24.501914978027344,0,10,0,0,2025-06-18T16:13:20.709Z,322,35,0,0,
2025-06-18,12:13:21.731,0.0018075424013659358,-27.429115295410156,,,,,,40.74350357055664,,,,,,23.389999389648438,58.814998626708984,111.80281829833984,-2.129568099975586,321.68988037109375,34.898902893066406,14.371537208557129,24.501914978027344,0,10,0,0,2025-06-18T16:13:21.731Z,322,35,0,0,
2025-06-18,12:13:22.756,0.0019224693533033133,-27.161405563354492,,,,,,40.74350357055664,,,,,,23.389999389648438,58.814998626708984,111.80281829833984,-2.129568099975586,321.69049072265625,34.89680862426758,14.371537208557129,24.501914978027344,0,10,0,0,2025-06-18T16:13:22.756Z,322,35,0,0,
2025-06-18,12:13:23.779,0.0019542810041457415,-27.090129852294922,,,,,,40.74350357055664,,,,,,23.389999389648438,58.814998626708984,111.80281829833984,-2.129568099975586,321.69110107421875,34.89471435546875,14.371536254882812,24.50191307067871,0,10,0,0,2025-06-18T16:13:23.779Z,322,35,0,0,
2025-06-18,12:13:24.803,0.0019170596497133374,-27.173643112182617,,,,,,40.74350357055664,,,,,,23.389999389648438,58.814998626708984,111.80281829833984,-2.129568099975586,321.69171142578125,34.892616271972656,14.371535301208496,24.501911163330078,0,10,0,0,2025-06-18T16:13:24.803Z,322,35,0,0,
2025-06-18,12:13:25.828,0.0019140844233334064,-27.180389404296875,,,,,,40.74350357055664,,,,,,23.389999389648438,58.814998626708984,111.80281829833984,-2.129568099975586,321.6922912597656,34.89052200317383,14.37153434753418,24.501911163330078,0,10,0,0,2025-06-18T16:13:25.828Z,322,35,0,0,
2025-06-18,12:13:26.852,0.0017586089670658112,-27.548307418823242,,,,,,40.74350357055664,,,,,,23.389999389648438,58.814998626708984,111.80281829833984,-2.129568099975586,321.6929016113281,34.888427734375,14.37153434753418,24.501911163330078,0,10,0,0,2025-06-18T16:13:26.852Z,322,35,0,0,
2025-06-18,12:13:27.875,0.0017466878052800894,-27.57784652709961,,,,,,40.74350357055664,,,,,,23.389999389648438,58.814998626708984,111.80281829833984,-2.129568099975586,321.6935119628906,34.886329650878906,14.37153434753418,24.501911163330078,0,10,0,0,2025-06-18T16:13:27.875Z,322,35,0,0,
2025-06-18,12:13:28.899,0.0017261224566027522,-27.629283905029297,,,,,,40.74350357055664,,,,,,23.389999389648438,58.814998626708984,111.80281829833984,-2.129568099975586,321.694091796875,34.88423538208008,14.371532440185547,24.501909255981445,0,10,0,0,2025-06-18T16:13:28.899Z,322,35,1,0,
2025-06-18,12:13:29.923,0.001782465842552483,-27.489788055419922,,,,,,40.74350357055664,,,,,,23.389999389648438,58.814998626708984,111.80281829833984,-2.129568099975586,321.6947021484375,34.88214111328125,14.371532440185547,24.501909255981445,0,10,0,0,2025-06-18T16:13:29.923Z,322,35,1,0,
2025-06-18,12:13:30.949,0.001629530917853117,-27.87937355041504,,,,,,40.74350357055664,,,,,,23.389999389648438,58.814998626708984,111.80281829833984,-2.129568099975586,321.6953125,34.88004684448242,14.371532440185547,24.501909255981445,0,10,0,0,2025-06-18T16:13:30.949Z,322,35,1,0,
2025-06-18,12:13:31.971,0.0016156595665961504,-27.916501998901367,,,,,,40.74350357055664,,,,,,23.389999389648438,58.814998626708984,111.80281829833984,-2.129568099975586,321.6959228515625,34.87794876098633,14.37153148651123,24.501907348632812,0,10,0,0,2025-06-18T16:13:31.971Z,322,35,1,0,
2025-06-18,12:13:32.995,0.001623738557100296,-27.894838333129883,,,,,,40.74350357055664,,,,,,23.389999389648438,58.814998626708984,111.80281829833984,-2.129568099975586,321.6965026855469,34.8758544921875,14.371530532836914,24.501907348632812,0,10,0,0,2025-06-18T16:13:32.995Z,322,35,1,0,
2025-06-18,12:13:34.019,0.0016158593352884054,-27.915964126586914,,,,,,40.74350357055664,,,,,,23.389999389648438,58.814998626708984,111.80281829833984,-2.129568099975586,321.6971130371094,34.87376022338867,14.371529579162598,24.501907348632812,0,10,0,0,2025-06-18T16:13:34.019Z,322,35,1,0,
2025-06-18,12:13:35.043,0.0016073508886620402,-27.938892364501953,,,,,,40.74350357055664,,,,,,23.389999389648438,58.814998626708984,111.80281829833984,-2.129568099975586,321.6977233886719,34.871665954589844,14.371529579162598,24.501907348632812,0,10,0,0,2025-06-18T16:13:35.043Z,322,35,1,0,
2025-06-18,12:13:36.067,0.001670229947194457,-27.77223777770996,,,,,,40.74350357055664,,,,,,23.389999389648438,58.814998626708984,111.80281829833984,-2.129568099975586,321.6983337402344,34.869571685791016,14.371529579162598,24.501907348632812,0,10,0,0,2025-06-18T16:13:36.067Z,322,35,1,0,
2025-06-18,12:13:37.091,0.0017027973663061857,-27.688369750976562,,,,,,40.74350357055664,,,,,,23.389999389648438,58.814998626708984,111.80281829833984,-2.129568099975586,321.69891357421875,34.86747360229492,14.371527671813965,24.501903533935547,0,10,0,0,2025-06-18T16:13:37.091Z,322,35,1,0,
2025-06-18,12:13:38.115,0.0016991280717775226,-27.697738647460938,,,,,,40.74350357055664,,,,,,23.389999389648438,58.814998626708984,111.80281829833984,-2.129568099975586,321.69952392578125,34.865379333496094,14.371527671813965,24.501903533935547,0,10,0,0,2025-06-18T16:13:38.115Z,322,35,1,0,
2025-06-18,12:13:39.139,0.0017093864735215902,-27.67159652709961,,,,,,40.74350357055664,,,,,,23.389999389648438,58.814998626708984,111.80281829833984,-2.129568099975586,321.70013427734375,34.863285064697266,14.371526718139648,24.501903533935547,0,10,0,0,2025-06-18T16:13:39.139Z,322,35,1,0,
2025-06-18,12:13:40.163,0.0016230946639552712,-27.896560668945312,,,,,,40.74350357055664,,,,,,23.389999389648438,58.814998626708984,111.80281829833984,-2.129568099975586,321.70074462890625,34.86119079589844,14.371526718139648,24.501903533935547,0,10,0,0,2025-06-18T16:13:40.163Z,322,35,1,0,
2025-06-18,12:13:41.188,0.0017044972628355026,-27.684036254882812,,,,,,40.74350357055664,,,,,,23.389999389648438,58.814998626708984,111.80281829833984,-2.129568099975586,321.7013244628906,34.85909652709961,14.371525764465332,24.501903533935547,0,10,0,0,2025-06-18T16:13:41.188Z,322,35,1,0,
2025-06-18,12:13:42.211,0.001609662314876914,-27.93265151977539,,,,,,40.74350357055664,,,,,,23.389999389648438,58.814998626708984,111.80281829833984,-2.129568099975586,321.7019348144531,34.856998443603516,14.371524810791016,24.501901626586914,0,10,0,0,2025-06-18T16:13:42.211Z,322,35,1,0,
2025-06-18,12:13:43.235,0.0016684504225850105,-27.776866912841797,,,,,,40.74350357055664,,,,,,23.389999389648438,58.814998626708984,111.80281829833984,-2.129568099975586,321.7025451660156,34.85490417480469,14.371524810791016,24.501901626586914,0,10,0,0,2025-06-18T16:13:43.235Z,322,35,1,0,
2025-06-18,12:13:44.259,0.0017178573179990053,-27.650129318237305,,,,,,40.74350357055664,,,,,,23.389999389648438,58.814998626708984,111.80281829833984,-2.129568099975586,321.7031555175781,34.85280990600586,14.371524810791016,24.501901626586914,0,10,0,0,2025-06-18T16:13:44.259Z,322,35,1,0,
2025-06-18,12:13:45.283,0.0017947154119610786,-27.460044860839844,,,,,,40.74350357055664,,,,,,23.389999389648438,58.814998626708984,111.80281829833984,-2.129568099975586,321.7037353515625,34.85071563720703,14.3715238571167,24.50189971923828,0,10,0,0,2025-06-18T16:13:45.283Z,322,35,1,0,
2025-06-18,12:13:46.309,0.0017094668000936508,-27.67139434814453,,,,,,40.74350357055664,,,,,,23.389999389648438,58.814998626708984,111.80281829833984,-2.129568099975586,321.704345703125,34.8486213684082,14.371522903442383,24.50189971923828,0,10,0,0,2025-06-18T16:13:46.309Z,322,35,1,0,
2025-06-18,12:13:47.331,0.00157198216766119,-28.035524368286133,,,,,,40.74350357055664,,,,,,23.389999389648438,58.814998626708984,111.80281829833984,-2.129568099975586,321.7049560546875,34.846527099609375,14.371521949768066,24.50189971923828,0,10,0,0,2025-06-18T16:13:47.331Z,322,35,1,0,
2025-06-18,12:13:48.355,0.0014506493462249637,-28.384376525878906,,,,,,40.74350357055664,,,,,,23.389999389648438,58.814998626708984,111.80281829833984,-2.129568099975586,321.70556640625,34.84442901611328,14.371521949768066,24.50189971923828,0,10,0,0,2025-06-18T16:13:48.355Z,322,35,1,0,
2025-06-18,12:13:49.379,0.0014356588944792747,-28.429487228393555,,,,,,40.74350357055664,,,,,,23.389999389648438,58.814998626708984,111.80281829833984,-2.129568099975586,321.7061767578125,34.84233474731445,14.371521949768066,24.50189971923828,0,10,0,0,2025-06-18T16:13:49.379Z,322,35,1,0,
2025-06-18,12:13:50.403,0.0014197733253240585,-28.47780990600586,,,,,,40.74350357055664,,,,,,23.389999389648438,58.814998626708984,111.80281829833984,-2.129568099975586,321.7067565917969,34.840240478515625,14.371520042419434,24.501895904541016,0,10,0,0,2025-06-18T16:13:50.403Z,322,35,1,0,
2025-06-18,12:13:51.428,0.0015434379456564784,-28.115108489990234,,,,,,40.74350357055664,,,,,,23.389999389648438,58.814998626708984,111.80281829833984,-2.129568099975586,321.7073669433594,34.8381462097168,14.371520042419434,24.501895904541016,0,10,0,0,2025-06-18T16:13:51.428Z,322,35,1,0,
2025-06-18,12:13:52.451,0.00153133156709373,-28.149307250976562,,,,,,40.74350357055664,,,,,,23.389999389648438,58.814998626708984,111.80281829833984,-2.129568099975586,321.7079772949219,34.83605194091797,14.371520042419434,24.501895904541016,0,10,0,0,2025-06-18T16:13:52.451Z,322,35,1,0,
2025-06-18,12:13:53.475,0.0014987109461799264,-28.242820739746094,,,,,,40.74350357055664,,,,,,23.389999389648438,58.814998626708984,111.80281829833984,-2.129568099975586,321.7085876464844,34.83395767211914,14.371519088745117,24.501895904541016,0,10,0,0,2025-06-18T16:13:53.475Z,322,35,1,0,
2025-06-18,12:13:54.499,0.0015165413497015834,-28.191457748413086,,,,,,40.74350357055664,,,,,,23.389999389648438,58.814998626708984,111.80281829833984,-2.129568099975586,321.7091979980469,34.83186340332031,14.3715181350708,24.501895904541016,0,10,0,0,2025-06-18T16:13:54.499Z,322,35,1,0,
2025-06-18,12:13:55.524,0.001512689981609583,-28.20250129699707,,,,,,40.74350357055664,,,,,,23.389999389648438,58.814998626708984,111.80281829833984,-2.129568099975586,321.70977783203125,34.829769134521484,14.3715181350708,24.501895904541016,0,10,0,0,2025-06-18T16:13:55.524Z,322,35,1,0,
2025-06-18,12:13:56.547,0.0015729509759694338,-28.032848358154297,,,,,,40.74350357055664,,,,,,23.389999389648438,58.814998626708984,111.80281829833984,-2.129568099975586,321.71038818359375,34.827674865722656,14.371517181396484,24.501893997192383,0,10,0,0,2025-06-18T16:13:56.547Z,322,35,1,0,
2025-06-18,12:13:57.572,0.0015770159661769867,-28.021638870239258,,,,,,40.74350357055664,,,,,,23.389999389648438,58.814998626708984,111.80281829833984,-2.129568099975586,321.71160888671875,34.823486328125,14.371515274047852,24.50189208984375,0,10,0,0,2025-06-18T16:13:57.572Z,322,35,1,0,
2025-06-18,12:13:58.595,0.0019079960184171796,-27.194225311279297,,,,,,40.74350357055664,,,,,,23.389999389648438,58.814998626708984,111.80281829833984,-2.129568099975586,321.71221923828125,34.82139205932617,14.371515274047852,24.50189208984375,0,10,0,0,2025-06-18T16:13:58.595Z,322,35,1,0,
2025-06-18,12:13:59.619,0.001996230334043503,-26.997894287109375,,,,,,40.74350357055664,,,,,,23.389999389648438,58.814998626708984,111.80281829833984,-2.129568099975586,321.71282958984375,34.81929397583008,14.371515274047852,24.50189208984375,0,10,0,0,2025-06-18T16:13:59.619Z,322,35,1,0,
2025-06-18,12:14:00.644,0.001968058291822672,-27.059619903564453,,,,,,40.74350357055664,,,,,,23.389999389648438,58.814998626708984,111.80281829833984,-2.129568099975586,321.7134094238281,34.81719970703125,14.371514320373535,24.50189208984375,0,10,0,0,2025-06-18T16:14:00.644Z,322,35,1,0,
2025-06-18,12:14:01.667,0.0018332843901589513,-27.367700576782227,,,,,,40.74350357055664,,,,,,23.389999389648438,58.814998626708984,111.80281829833984,-2.129568099975586,321.7140197753906,34.81510543823242,14.371513366699219,24.501890182495117,0,10,0,0,2025-06-18T16:14:01.667Z,322,35,1,0,
2025-06-18,12:14:02.691,0.0019498465117067099,-27.09999656677246,,,,,,40.74350357055664,,,,,,23.389999389648438,58.814998626708984,111.80281829833984,-2.129568099975586,321.7146301269531,34.813011169433594,14.371513366699219,24.501890182495117,0,10,0,0,2025-06-18T16:14:02.691Z,322,35,1,0,
2025-06-18,12:14:03.715,0.0019188291626051068,-27.16963768005371,,,,,,40.74350357055664,,,,,,23.389999389648438,58.814998626708984,111.80281829833984,-2.129568099975586,321.7152404785156,34.810916900634766,14.371512413024902,24.501888275146484,0,10,0,0,2025-06-18T16:14:03.715Z,322,35,1,0,
2025-06-18,12:14:04.740,0.0017802565125748515,-27.495174407958984,,,,,,40.74350357055664,,,,,,23.389999389648438,58.814998626708984,111.80281829833984,-2.129568099975586,321.7158508300781,34.80882263183594,14.371512413024902,24.501888275146484,0,10,0,0,2025-06-18T16:14:04.740Z,323,35,1,0,
2025-06-18,12:14:05.763,0.0017757625319063663,-27.50615119934082,,,,,,40.74350357055664,,,,,,23.389999389648438,58.814998626708984,111.80281829833984,-2.129568099975586,321.7164611816406,34.80672836303711,14.371511459350586,24.501888275146484,0,10,0,0,2025-06-18T16:14:05.763Z,323,35,1,0,
2025-06-18,12:14:06.787,0.0019342232262715697,-27.134933471679688,,,,,,40.74350357055664,,,,,,23.389999389648438,58.814998626708984,111.80281829833984,-2.129568099975586,321.7170715332031,34.80463409423828,14.37151050567627,24.501888275146484,0,10,0,0,2025-06-18T16:14:06.787Z,323,35,1,0,
2025-06-18,12:14:07.811,0.0020339994225651026,-26.916492462158203,,,,,,40.74350357055664,,,,,,23.389999389648438,58.814998626708984,111.80281829833984,-2.129568099975586,321.7176818847656,34.80253982543945,14.37151050567627,24.501888275146484,0,10,0,0,2025-06-18T16:14:07.811Z,323,35,1,0,
2025-06-18,12:14:08.835,0.0018109568627551198,-27.42091941833496,,,,,,40.74350357055664,,,,,,23.389999389648438,58.814998626708984,111.80281829833984,-2.129568099975586,321.71826171875,34.800445556640625,14.37151050567627,24.501888275146484,0,10,0,0,2025-06-18T16:14:08.835Z,323,35,1,0,
2025-06-18,12:14:09.859,0.001893749926239252,-27.226774215698242,,,,,,40.74350357055664,,,,,,23.389999389648438,58.814998626708984,111.80281829833984,-2.129568099975586,321.7188720703125,34.7983512878418,14.371508598327637,24.50188446044922,0,10,0,0,2025-06-18T16:14:09.859Z,323,35,1,0,
2025-06-18,12:14:10.883,0.001984870759770274,-27.02267837524414,,,,,,40.74350357055664,,,,,,23.389999389648438,58.814998626708984,111.80281829833984,-2.129568099975586,321.719482421875,34.796260833740234,14.371508598327637,24.50188446044922,0,10,0,0,2025-06-18T16:14:10.883Z,323,35,1,0,
2025-06-18,12:14:11.908,0.0018606346566230059,-27.303388595581055,,,,,,40.74350357055664,,,,,,23.389999389648438,58.814998626708984,111.80281829833984,-2.129568099975586,321.7200927734375,34.794166564941406,14.371508598327637,24.50188446044922,0,10,0,0,2025-06-18T16:14:11.908Z,323,35,1,0,
2025-06-18,12:14:12.931,0.0020171855576336384,-26.95254135131836,,,,,,40.74350357055664,,,,,,23.389999389648438,58.814998626708984,111.80281829833984,-2.129568099975586,321.720703125,34.79207229614258,14.37150764465332,24.50188446044922,0,10,0,0,2025-06-18T16:14:12.931Z,323,35,1,0,
2025-06-18,12:14:13.955,0.0018384400755167007,-27.355504989624023,,,,,,40.74350357055664,,,,,,23.389999389648438,58.814998626708984,111.80281829833984,-2.129568099975586,321.7213134765625,34.78997802734375,14.371506690979004,24.50188446044922,0,10,0,0,2025-06-18T16:14:13.955Z,323,35,1,0,
2025-06-18,12:14:14.979,0.0019230650505051017,-27.16006088256836,,,,,,40.74350357055664,,,,,,23.389999389648438,58.814998626708984,111.80281829833984,-2.129568099975586,321.721923828125,34.78788375854492,14.371506690979004,24.50188446044922,0,10,0,0,2025-06-18T16:14:14.979Z,323,35,1,0,
2025-06-18,12:14:16.003,0.0019431221298873425,-27.114999771118164,,,,,,40.74350357055664,,,,,,23.389999389648438,58.814998626708984,111.80281829833984,-2.129568099975586,321.7225341796875,34.785789489746094,14.371505737304688,24.501882553100586,0,10,0,0,2025-06-18T16:14:16.003Z,323,35,1,0,
2025-06-18,12:14:17.027,0.001985189039260149,-27.02198028564453,,,,,,40.74350357055664,,,,,,23.389999389648438,58.814998626708984,111.80281829833984,-2.129568099975586,321.72314453125,34.783695220947266,14.371505737304688,24.501882553100586,0,10,0,0,2025-06-18T16:14:17.027Z,323,35,-1,0,
2025-06-18,12:14:18.051,0.0019998112693428993,-26.990110397338867,,,,,,40.74350357055664,,,,,,23.389999389648438,58.814998626708984,111.80281829833984,-2.129568099975586,321.7237548828125,34.78160095214844,14.371504783630371,24.501880645751953,0,10,0,0,2025-06-18T16:14:18.051Z,321,35,-1,0,
2025-06-18,12:14:19.075,0.0018689763965085149,-27.28396224975586,,,,,,40.74350357055664,,,,,,23.389999389648438,58.814998626708984,111.80281829833984,-2.129568099975586,321.724365234375,34.77950668334961,14.371503829956055,24.501880645751953,0,10,0,0,2025-06-18T16:14:19.075Z,321,35,-1,-1,
2025-06-18,12:14:20.099,0.0018686517141759396,-27.28471565246582,,,,,,40.74350357055664,,,,,,23.389999389648438,58.814998626708984,111.80281829833984,-2.129568099975586,321.7249450683594,34.77741241455078,14.371503829956055,24.501880645751953,0,10,0,0,2025-06-18T16:14:20.099Z,321,35,-1,-1,
2025-06-18,12:14:21.124,0.0017598459962755442,-27.54525375366211,,,,,,40.74350357055664,,,,,,23.389999389648438,58.814998626708984,111.80281829833984,-2.129568099975586,321.7255554199219,34.77531814575195,14.371503829956055,24.501880645751953,0,10,0,0,2025-06-18T16:14:21.124Z,321,34,-1,-1,
2025-06-18,12:14:22.147,0.0018115633865818381,-27.419464111328125,,,,,,40.74350357055664,,,,,,23.389999389648438,58.814998626708984,111.80281829833984,-2.129568099975586,321.7261657714844,34.773223876953125,14.371501922607422,24.50187873840332,0,10,0,0,2025-06-18T16:14:22.147Z,321,34,-1,-1,
2025-06-18,12:14:23.171,0.0015997274313122034,-27.95953941345215,,,,,,40.74350357055664,,,,,,23.389999389648438,58.814998626708984,111.80281829833984,-2.129568099975586,321.7267761230469,34.77113342285156,14.371501922607422,24.50187873840332,0,10,0,0,2025-06-18T16:14:23.171Z,321,34,-1,-1,
2025-06-18,12:14:24.195,0.0015461366856470704,-28.107521057128906,,,,,,40.74350357055664,,,,,,23.389999389648438,58.814998626708984,111.80281829833984,-2.129568099975586,321.7273864746094,34.769039154052734,14.371501922607422,24.50187873840332,0,10,0,0,2025-06-18T16:14:24.195Z,321,34,-1,-1,
2025-06-18,12:14:25.219,0.001645773183554411,-27.836299896240234,,,,,,40.74350357055664,,,,,,23.389999389648438,58.814998626708984,111.80281829833984,-2.129568099975586,321.7279968261719,34.766944885253906,14.371500968933105,24.501876831054688,0,10,0,0,2025-06-18T16:14:25.219Z,321,34,-1,-1,
2025-06-18,12:14:26.243,0.0017704941565170884,-27.519054412841797,,,,,,40.74350357055664,,,,,,23.389999389648438,58.814998626708984,111.80281829833984,-2.129568099975586,321.7286071777344,34.76485061645508,14.371500015258789,24.501876831054688,0,10,0,0,2025-06-18T16:14:26.243Z,321,34,-1,-1,
2025-06-18,12:14:27.267,0.001765794469974935,-27.530597686767578,,,,,,40.74350357055664,,,,,,23.389999389648438,58.814998626708984,111.80281829833984,-2.129568099975586,321.7292175292969,34.76275634765625,14.371500015258789,24.501876831054688,0,10,0,0,2025-06-18T16:14:27.267Z,321,34,-1,-1,
2025-06-18,12:14:28.291,0.0017099620308727026,-27.670135498046875,,,,,,40.74350357055664,,,,,,23.389999389648438,58.814998626708984,111.80281829833984,-2.129568099975586,321.7298278808594,34.76066207885742,14.371499061584473,24.501876831054688,0,10,0,0,2025-06-18T16:14:28.291Z,321,34,-1,-1,
2025-06-18,12:14:29.315,0.001788639696314931,-27.47477149963379,,,,,,40.74350357055664,,,,,,23.389999389648438,58.814998626708984,111.80281829833984,-2.129568099975586,321.7304382324219,34.75857162475586,14.371499061584473,24.501876831054688,0,10,0,0,2025-06-18T16:14:29.315Z,321,34,0,-1,
2025-06-18,12:14:30.339,0.0017814940074458718,-27.492156982421875,,,,,,40.74350357055664,,,,,,23.389999389648438,58.814998626708984,111.80281829833984,-2.129568099975586,321.7310485839844,34.75647735595703,14.371498107910156,24.501874923706055,0,10,0,0,2025-06-18T16:14:30.339Z,321,34,0,-1,
2025-06-18,12:14:31.363,0.001722712884657085,-27.63787078857422,,,,,,40.74350357055664,,,,,,23.389999389648438,58.814998626708984,111.80281829833984,-2.129568099975586,321.7316589355469,34.7543830871582,14.37149715423584,24.501873016357422,0,10,0,0,2025-06-18T16:14:31.363Z,321,34,0,-1,
2025-06-18,12:14:32.387,0.0017891625175252557,-27.47350311279297,,,,,,40.74350357055664,,,,,,23.389999389648438,58.814998626708984,111.80281829833984,-2.129568099975586,321.7322692871094,34.752288818359375,14.37149715423584,24.501873016357422,0,10,0,0,2025-06-18T16:14:32.387Z,322,34,0,-1,
2025-06-18,12:14:33.411,0.0016715144738554955,-27.768898010253906,,,,,,40.74350357055664,,,,,,23.389999389648438,58.814998626708984,111.80281829833984,-2.129568099975586,321.7328796386719,34.75019454956055,14.37149715423584,24.501873016357422,0,10,0,0,2025-06-18T16:14:33.411Z,322,34,0,-1,
2025-06-18,12:14:34.435,0.0016294991364702582,-27.879459381103516,,,,,,40.74350357055664,,,,,,23.389999389648438,58.814998626708984,111.80281829833984,-2.129568099975586,321.7334899902344,34.74810028076172,14.371495246887207,24.501873016357422,0,10,0,0,2025-06-18T16:14:34.435Z,322,34,0,-1,
2025-06-18,12:14:35.460,0.0016511444700881839,-27.8221492767334,,,,,,40.74350357055664,,,,,,23.389999389648438,58.814998626708984,111.80281829833984,-2.129568099975586,321.7341003417969,34.746009826660156,14.371495246887207,24.501873016357422,0,10,0,0,2025-06-18T16:14:35.460Z,322,34,0,-1,
2025-06-18,12:14:36.483,0.0015775440260767937,-28.020185470581055,,,,,,40.74350357055664,,,,,,23.389999389648438,58.814998626708984,111.80281829833984,-2.129568099975586,321.7347106933594,34.74391555786133,14.371495246887207,24.501873016357422,0,10,0,0,2025-06-18T16:14:36.483Z,322,34,0,-1,
2025-06-18,12:14:37.507,0.0017289306269958615,-27.622224807739258,,,,,,40.74350357055664,,,,,,23.389999389648438,58.814998626708984,111.80281829833984,-2.129568099975586,321.7353210449219,34.7418212890625,14.37149429321289,24.50187110900879,0,10,0,0,2025-06-18T16:14:37.507Z,322,34,0,-1,
2025-06-18,12:14:38.531,0.0018089577788487077,-27.425716400146484,,,,,,40.74350357055664,,,,,,23.389999389648438,58.814998626708984,111.80281829833984,-2.129568099975586,321.7359313964844,34.73972702026367,14.371493339538574,24.501869201660156,0,10,0,0,2025-06-18T16:14:38.531Z,322,34,0,-1,
2025-06-18,12:14:39.556,0.0017097587697207928,-27.670652389526367,,,,,,40.74350357055664,,,,,,23.389999389648438,58.814998626708984,111.80281829833984,-2.129568099975586,321.7365417480469,34.73763656616211,14.371493339538574,24.501869201660156,0,10,0,0,2025-06-18T16:14:39.556Z,322,34,1,-1,
2025-06-18,12:14:40.579,0.0017204097239300609,-27.643680572509766,,,,,,40.74350357055664,,,,,,23.389999389648438,58.814998626708984,111.80281829833984,-2.129568099975586,321.7377624511719,34.73344802856445,14.371492385864258,24.501869201660156,0,10,0,0,2025-06-18T16:14:40.579Z,322,34,1,-1,
2025-06-18,12:14:41.603,0.00173924898263067,-27.59638214111328,,,,,,40.74350357055664,,,,,,23.389999389648438,58.814998626708984,111.80281829833984,-2.129568099975586,321.7383728027344,34.731353759765625,14.371492385864258,24.501869201660156,0,10,0,0,2025-06-18T16:14:41.603Z,322,34,1,-1,
2025-06-18,12:14:42.627,0.0017112460918724537,-27.6668758392334,,,,,,40.74350357055664,,,,,,23.389999389648438,58.814998626708984,111.80281829833984,-2.129568099975586,321.7389831542969,34.72926330566406,14.371490478515625,24.501867294311523,0,10,0,0,2025-06-18T16:14:42.627Z,323,34,1,-1,
2025-06-18,12:14:43.651,0.0017303024651482701,-27.6187801361084,,,,,,40.74350357055664,,,,,,23.389999389648438,58.814998626708984,111.80281829833984,-2.129568099975586,321.7395935058594,34.727169036865234,14.371490478515625,24.501867294311523,0,10,0,0,2025-06-18T16:14:43.651Z,323,34,1,-1,
2025-06-18,12:14:44.675,0.0016360749723389745,-27.861967086791992,,,,,,40.74350357055664,,,,,,23.389999389648438,58.814998626708984,111.80281829833984,-2.129568099975586,321.7402038574219,34.725074768066406,14.371490478515625,24.501867294311523,0,10,0,0,2025-06-18T16:14:44.675Z,323,34,1,-1,
2025-06-18,12:14:45.699,0.0017337445169687271,-27.610149383544922,,,,,,40.74350357055664,,,,,,23.389999389648438,58.814998626708984,111.80281829833984,-2.129568099975586,321.7408142089844,34.722984313964844,14.371490478515625,24.501867294311523,0,10,0,0,2025-06-18T16:14:45.699Z,323,34,1,-1,
2025-06-18,12:14:46.723,0.0018152722623199224,-27.410581588745117,,,,,,40.74350357055664,,,,,,23.389999389648438,58.814998626708984,111.80281829833984,-2.129568099975586,321.7414245605469,34.720890045166016,14.371488571166992,24.50186538696289,0,10,0,0,2025-06-18T16:14:46.723Z,323,34,1,-1,
